1 48.85174380888362, 2.346829695364803
2 48.85012265963253, 2.349214367828763
3 48.849670823578336, 2.3490856217997753
4 48.85834041341368, 2.356359612640512
5 48.85719531130436, 2.3590420702860575
6 48.85763066024796, 2.35872875019343
7 48.852551514698376, 2.3396095696706327
8 48.85581539303824, 2.3333788115404603
9 48.87158461145443, 2.3379129641668284
10 48.86025376152619, 2.3266758597219734
11 48.87073353456019, 2.3045281362736754
12 48.86545490044127, 2.3212844960927
13 48.85178859190571, 2.3568152071962536
14 48.871880254993535, 2.3318883155542323
15 48.85628595450991, 2.313030789593913
16 48.874135250676204, 2.2951822732153224
17 48.88724022348526, 2.3432240408920544
18 48.858413876606036, 2.294497934713432
19 48.860409320422335, 2.337865177749907
20 48.8523017325953, 2.3501876934158203
21 48.84646552230828, 2.3468912242567863
22 48.851597477184086, 2.332844368216161
23 48.85525014650964, 2.345203262541297
24 48.85822645896633, 2.348915555783324
25 48.86072646824732, 2.352263752076139
